heuristica,n,m,replicacao,tempo,iteracoes,valor,parametro
monotona,15,10,1,0.002460,1096,99,0.10
monotona,15,10,2,0.002721,1157,99,0.10
monotona,15,10,3,0.002611,1165,99,0.10
monotona,15,10,4,0.002888,1340,99,0.10
monotona,15,10,5,0.003415,1462,99,0.10
monotona,15,10,6,0.002509,1044,99,0.10
monotona,15,10,7,0.002956,1330,99,0.10
monotona,15,10,8,0.002351,1032,99,0.10
monotona,15,10,9,0.002749,1049,99,0.10
monotona,15,10,10,0.003125,1332,99,0.10
monotona,15,10,1,0.002263,1279,99,0.20
monotona,15,10,2,0.002132,1253,99,0.20
monotona,15,10,3,0.002308,1251,99,0.20
monotona,15,10,4,0.003703,2037,99,0.20
monotona,15,10,5,0.003473,1919,99,0.20
monotona,15,10,6,0.002269,1271,99,0.20
monotona,15,10,7,0.001831,1035,99,0.20
monotona,15,10,8,0.001932,1081,99,0.20
monotona,15,10,9,0.001867,1067,102,0.20
monotona,15,10,10,0.001924,1082,99,0.20
monotona,15,10,1,0.002342,1799,99,0.30
monotona,15,10,2,0.002550,1736,99,0.30
monotona,15,10,3,0.001902,1342,99,0.30
monotona,15,10,4,0.001728,1253,99,0.30
monotona,15,10,5,0.002444,1769,99,0.30
monotona,15,10,6,0.002448,1766,99,0.30
monotona,15,10,7,0.001751,1251,99,0.30
monotona,15,10,8,0.001915,1451,99,0.30
monotona,15,10,9,0.002282,1629,99,0.30
monotona,15,10,10,0.001370,1096,99,0.30
monotona,15,10,1,0.001496,1363,99,0.40
monotona,15,10,2,0.001665,1579,99,0.40
monotona,15,10,3,0.001300,1230,101,0.40
monotona,15,10,4,0.001119,1179,99,0.40
monotona,15,10,5,0.001486,1362,99,0.40
monotona,15,10,6,0.001163,1130,101,0.40
monotona,15,10,7,0.001725,1758,101,0.40
monotona,15,10,8,0.001199,1168,101,0.40
monotona,15,10,9,0.001795,1847,99,0.40
monotona,15,10,10,0.001369,1289,99,0.40
monotona,15,10,1,0.002104,2760,101,0.50
monotona,15,10,2,0.000927,1256,103,0.50
monotona,15,10,3,0.001567,2042,99,0.50
monotona,15,10,4,0.002071,2607,103,0.50
monotona,15,10,5,0.001470,1899,101,0.50
monotona,15,10,6,0.001918,2545,101,0.50
monotona,15,10,7,0.000988,1361,99,0.50
monotona,15,10,8,0.001665,2115,99,0.50
monotona,15,10,9,0.001419,1724,103,0.50
monotona,15,10,10,0.001525,2035,99,0.50
monotona,15,10,1,0.000559,1011,108,0.60
monotona,15,10,2,0.000866,1503,108,0.60
monotona,15,10,3,0.001518,2581,103,0.60
monotona,15,10,4,0.001359,2416,101,0.60
monotona,15,10,5,0.000632,1138,101,0.60
monotona,15,10,6,0.000691,1179,103,0.60
monotona,15,10,7,0.000886,1330,101,0.60
monotona,15,10,8,0.001083,1852,103,0.60
monotona,15,10,9,0.001001,1758,108,0.60
monotona,15,10,10,0.001471,2348,101,0.60
monotona,15,10,1,0.003863,1011,110,0.70
monotona,15,10,2,0.000529,1052,110,0.70
monotona,15,10,3,0.000859,2207,108,0.70
monotona,15,10,4,0.000599,1536,101,0.70
monotona,15,10,5,0.000778,1824,101,0.70
monotona,15,10,6,0.001277,2911,109,0.70
monotona,15,10,7,0.000524,1388,103,0.70
monotona,15,10,8,0.001123,2843,108,0.70
monotona,15,10,9,0.000766,1870,110,0.70
monotona,15,10,10,0.000762,1836,110,0.70
monotona,15,10,1,0.000538,1725,111,0.80
monotona,15,10,2,0.000338,1181,116,0.80
monotona,15,10,3,0.000801,2732,110,0.80
monotona,15,10,4,0.000488,1801,110,0.80
monotona,15,10,5,0.000446,1538,110,0.80
monotona,15,10,6,0.000309,1090,110,0.80
monotona,15,10,7,0.000295,1051,109,0.80
monotona,15,10,8,0.000308,1080,109,0.80
monotona,15,10,9,0.000644,2348,112,0.80
monotona,15,10,10,0.000298,1072,109,0.80
monotona,15,10,1,0.000497,2182,114,0.90
monotona,15,10,2,0.000452,2427,110,0.90
monotona,15,10,3,0.000357,2025,111,0.90
monotona,15,10,4,0.000396,2057,127,0.90
monotona,15,10,5,0.000305,1675,115,0.90
monotona,15,10,6,0.000591,3211,110,0.90
monotona,15,10,7,0.000262,1426,108,0.90
monotona,15,10,8,0.000421,2244,114,0.90
monotona,15,10,9,0.000406,2023,111,0.90
monotona,15,10,10,0.000220,1203,115,0.90
monotona,20,10,1,0.005141,1538,112,0.10
monotona,20,10,2,0.003879,1052,112,0.10
monotona,20,10,3,0.008377,2367,113,0.10
monotona,20,10,4,0.005688,1649,112,0.10
monotona,20,10,5,0.004743,1222,113,0.10
monotona,20,10,6,0.005478,1523,112,0.10
monotona,20,10,7,0.004344,1275,112,0.10
monotona,20,10,8,0.003749,1098,112,0.10
monotona,20,10,9,0.006203,1755,112,0.10
monotona,20,10,10,0.004489,1152,112,0.10
monotona,20,10,1,0.009659,3677,112,0.20
monotona,20,10,2,0.003613,1290,115,0.20
monotona,20,10,3,0.003940,1496,112,0.20
monotona,20,10,4,0.002614,1081,115,0.20
monotona,20,10,5,0.005482,2087,114,0.20
monotona,20,10,6,0.004368,1478,112,0.20
monotona,20,10,7,0.004045,1499,112,0.20
monotona,20,10,8,0.005733,2163,112,0.20
monotona,20,10,9,0.002780,1087,115,0.20
monotona,20,10,10,0.007074,2429,112,0.20
monotona,20,10,1,0.003049,1516,115,0.30
monotona,20,10,2,0.004779,2316,112,0.30
monotona,20,10,3,0.003081,1488,112,0.30
monotona,20,10,4,0.005595,2501,112,0.30
monotona,20,10,5,0.002155,1093,113,0.30
monotona,20,10,6,0.002518,1289,112,0.30
monotona,20,10,7,0.003037,1556,115,0.30
monotona,20,10,8,0.002482,1261,114,0.30
monotona,20,10,9,0.003263,1507,115,0.30
monotona,20,10,10,0.005244,2403,114,0.30
monotona,20,10,1,0.002383,1638,116,0.40
monotona,20,10,2,0.002748,1949,117,0.40
monotona,20,10,3,0.003926,2730,114,0.40
monotona,20,10,4,0.002753,2020,112,0.40
monotona,20,10,5,0.002106,1408,117,0.40
monotona,20,10,6,0.001408,1020,119,0.40
monotona,20,10,7,0.001893,1306,112,0.40
monotona,20,10,8,0.003165,2058,116,0.40
monotona,20,10,9,0.004439,2829,112,0.40
monotona,20,10,10,0.002289,1560,115,0.40
monotona,20,10,1,0.001738,1662,114,0.50
monotona,20,10,2,0.002727,2534,119,0.50
monotona,20,10,3,0.002814,2337,115,0.50
monotona,20,10,4,0.002121,1847,115,0.50
monotona,20,10,5,0.001055,1031,115,0.50
monotona,20,10,6,0.001296,1215,117,0.50
monotona,20,10,7,0.001908,1735,117,0.50
monotona,20,10,8,0.003646,3390,112,0.50
monotona,20,10,9,0.001442,1292,120,0.50
monotona,20,10,10,0.001943,1759,117,0.50
monotona,20,10,1,0.000864,1272,119,0.60
monotona,20,10,2,0.002494,3327,119,0.60
monotona,20,10,3,0.001206,1476,115,0.60
monotona,20,10,4,0.001014,1305,120,0.60
monotona,20,10,5,0.001412,1544,116,0.60
monotona,20,10,6,0.001757,2167,119,0.60
monotona,20,10,7,0.000786,1134,120,0.60
monotona,20,10,8,0.001365,1830,116,0.60
monotona,20,10,9,0.001685,2287,122,0.60
monotona,20,10,10,0.001136,1501,115,0.60
monotona,20,10,1,0.001058,2050,115,0.70
monotona,20,10,2,0.001364,2235,115,0.70
monotona,20,10,3,0.000855,1516,124,0.70
monotona,20,10,4,0.000831,1510,123,0.70
monotona,20,10,5,0.001040,2043,115,0.70
monotona,20,10,6,0.000765,1467,124,0.70
monotona,20,10,7,0.000878,1723,124,0.70
monotona,20,10,8,0.000773,1449,120,0.70
monotona,20,10,9,0.000498,1045,121,0.70
monotona,20,10,10,0.000935,1762,120,0.70
monotona,20,10,1,0.000687,2035,127,0.80
monotona,20,10,2,0.000633,1809,121,0.80
monotona,20,10,3,0.000378,1064,119,0.80
monotona,20,10,4,0.000639,1653,124,0.80
monotona,20,10,5,0.000392,1071,121,0.80
monotona,20,10,6,0.000671,1981,121,0.80
monotona,20,10,7,0.000385,1106,121,0.80
monotona,20,10,8,0.001020,2826,119,0.80
monotona,20,10,9,0.000998,2686,123,0.80
monotona,20,10,10,0.000468,1317,126,0.80
monotona,20,10,1,0.000326,1423,131,0.90
monotona,20,10,2,0.000542,2266,124,0.90
monotona,20,10,3,0.000305,1252,135,0.90
monotona,20,10,4,0.000227,1083,123,0.90
monotona,20,10,5,0.000635,2581,130,0.90
monotona,20,10,6,0.000538,2366,127,0.90
monotona,20,10,7,0.000363,1468,126,0.90
monotona,20,10,8,0.000328,1483,128,0.90
monotona,20,10,9,0.000544,2474,127,0.90
monotona,20,10,10,0.000238,1107,139,0.90
monotona,30,20,1,0.008555,1223,97,0.10
monotona,30,20,2,0.010832,1512,97,0.10
monotona,30,20,3,0.010035,1505,97,0.10
monotona,30,20,4,0.007165,1081,97,0.10
monotona,30,20,5,0.015816,1507,97,0.10
monotona,30,20,6,0.006903,1033,97,0.10
monotona,30,20,7,0.007372,1086,97,0.10
monotona,30,20,8,0.010638,1575,97,0.10
monotona,30,20,9,0.008616,1226,97,0.10
monotona,30,20,10,0.009622,1377,97,0.10
monotona,30,20,1,0.005236,1152,97,0.20
monotona,30,20,2,0.005532,1075,97,0.20
monotona,30,20,3,0.006225,1227,97,0.20
monotona,30,20,4,0.005158,1090,97,0.20
monotona,30,20,5,0.007571,1407,97,0.20
monotona,30,20,6,0.007950,1645,97,0.20
monotona,30,20,7,0.007021,1304,97,0.20
monotona,30,20,8,0.005368,1135,97,0.20
monotona,30,20,9,0.005901,1107,97,0.20
monotona,30,20,10,0.010611,1439,97,0.20
monotona,30,20,1,0.005037,1353,97,0.30
monotona,30,20,2,0.004145,1043,97,0.30
monotona,30,20,3,0.005531,1410,97,0.30
monotona,30,20,4,0.004195,1080,97,0.30
monotona,30,20,5,0.004889,1277,97,0.30
monotona,30,20,6,0.005079,1390,97,0.30
monotona,30,20,7,0.004870,1306,97,0.30
monotona,30,20,8,0.004739,1277,97,0.30
monotona,30,20,9,0.005487,1432,97,0.30
monotona,30,20,10,0.005052,1150,97,0.30
monotona,30,20,1,0.003999,1414,100,0.40
monotona,30,20,2,0.004385,1523,99,0.40
monotona,30,20,3,0.006978,2378,97,0.40
monotona,30,20,4,0.005850,1873,97,0.40
monotona,30,20,5,0.008064,2053,97,0.40
monotona,30,20,6,0.003839,1313,97,0.40
monotona,30,20,7,0.003961,1344,97,0.40
monotona,30,20,8,0.003404,1215,97,0.40
monotona,30,20,9,0.003132,1043,97,0.40
monotona,30,20,10,0.003755,1356,97,0.40
monotona,30,20,1,0.005688,2617,100,0.50
monotona,30,20,2,0.002900,1292,104,0.50
monotona,30,20,3,0.002407,1158,105,0.50
monotona,30,20,4,0.002512,1112,103,0.50
monotona,30,20,5,0.003835,1852,98,0.50
monotona,30,20,6,0.002740,1346,102,0.50
monotona,30,20,7,0.002579,1209,101,0.50
monotona,30,20,8,0.002992,1362,103,0.50
monotona,30,20,9,0.003959,1928,103,0.50
monotona,30,20,10,0.003112,1383,97,0.50
monotona,30,20,1,0.001609,1100,109,0.60
monotona,30,20,2,0.002041,1448,107,0.60
monotona,30,20,3,0.002549,1478,103,0.60
monotona,30,20,4,0.002732,1937,106,0.60
monotona,30,20,5,0.002073,1364,111,0.60
monotona,30,20,6,0.003374,2152,103,0.60
monotona,30,20,7,0.002177,1436,106,0.60
monotona,30,20,8,0.004425,2524,111,0.60
monotona,30,20,9,0.002258,1585,102,0.60
monotona,30,20,10,0.003063,2058,110,0.60
monotona,30,20,1,0.001875,1870,121,0.70
monotona,30,20,2,0.001541,1411,117,0.70
monotona,30,20,3,0.002457,2111,108,0.70
monotona,30,20,4,0.001074,1017,113,0.70
monotona,30,20,5,0.001085,1144,118,0.70
monotona,30,20,6,0.001532,1524,119,0.70
monotona,30,20,7,0.002260,2180,119,0.70
monotona,30,20,8,0.001995,1770,112,0.70
monotona,30,20,9,0.001485,1338,117,0.70
monotona,30,20,10,0.002901,2831,107,0.70
monotona,30,20,1,0.001849,2766,120,0.80
monotona,30,20,2,0.001040,1431,125,0.80
monotona,30,20,3,0.000879,1397,120,0.80
monotona,30,20,4,0.001472,2296,126,0.80
monotona,30,20,5,0.000907,1363,130,0.80
monotona,30,20,6,0.001396,2074,128,0.80
monotona,30,20,7,0.000715,1066,117,0.80
monotona,30,20,8,0.000783,1201,127,0.80
monotona,30,20,9,0.000819,1130,116,0.80
monotona,30,20,10,0.001072,1411,127,0.80
monotona,30,20,1,0.000561,1341,140,0.90
monotona,30,20,2,0.000802,2026,136,0.90
monotona,30,20,3,0.001515,3845,129,0.90
monotona,30,20,4,0.000612,1586,129,0.90
monotona,30,20,5,0.000463,1085,130,0.90
monotona,30,20,6,0.000807,2057,121,0.90
monotona,30,20,7,0.000690,1856,131,0.90
monotona,30,20,8,0.000453,1144,138,0.90
monotona,30,20,9,0.000909,2221,135,0.90
monotona,30,20,10,0.000443,1216,139,0.90
monotona,40,20,1,0.013528,1231,99,0.10
monotona,40,20,2,0.014911,1386,99,0.10
monotona,40,20,3,0.015121,1353,99,0.10
monotona,40,20,4,0.014852,1340,99,0.10
monotona,40,20,5,0.016425,1424,99,0.10
monotona,40,20,6,0.027401,2169,99,0.10
monotona,40,20,7,0.012742,1098,99,0.10
monotona,40,20,8,0.018040,1135,99,0.10
monotona,40,20,9,0.013457,1297,99,0.10
monotona,40,20,10,0.019727,1458,99,0.10
monotona,40,20,1,0.010177,1183,99,0.20
monotona,40,20,2,0.015144,1896,99,0.20
monotona,40,20,3,0.015381,1815,99,0.20
monotona,40,20,4,0.014487,1509,99,0.20
monotona,40,20,5,0.016887,1888,99,0.20
monotona,40,20,6,0.011948,1147,101,0.20
monotona,40,20,7,0.016650,2058,99,0.20
monotona,40,20,8,0.014645,1777,99,0.20
monotona,40,20,9,0.012332,1487,99,0.20
monotona,40,20,10,0.009758,1148,99,0.20
monotona,40,20,1,0.013739,2338,99,0.30
monotona,40,20,2,0.012390,2000,99,0.30
monotona,40,20,3,0.006471,1075,100,0.30
monotona,40,20,4,0.014310,2038,99,0.30
monotona,40,20,5,0.009369,1521,101,0.30
monotona,40,20,6,0.014420,2266,99,0.30
monotona,40,20,7,0.008209,1421,99,0.30
monotona,40,20,8,0.009119,1595,101,0.30
monotona,40,20,9,0.010311,1792,99,0.30
monotona,40,20,10,0.007602,1243,99,0.30
monotona,40,20,1,0.004838,1140,105,0.40
monotona,40,20,2,0.008059,1750,104,0.40
monotona,40,20,3,0.007138,1497,101,0.40
monotona,40,20,4,0.005918,1433,108,0.40
monotona,40,20,5,0.004895,1121,105,0.40
monotona,40,20,6,0.005288,1307,99,0.40
monotona,40,20,7,0.007111,1607,99,0.40
monotona,40,20,8,0.004992,1112,99,0.40
monotona,40,20,9,0.003858,1062,101,0.40
monotona,40,20,10,0.008112,1740,99,0.40
monotona,40,20,1,0.005033,1794,109,0.50
monotona,40,20,2,0.004444,1470,108,0.50
monotona,40,20,3,0.003527,1258,110,0.50
monotona,40,20,4,0.006329,2027,100,0.50
monotona,40,20,5,0.006713,2333,100,0.50
monotona,40,20,6,0.003569,1095,108,0.50
monotona,40,20,7,0.005359,1243,104,0.50
monotona,40,20,8,0.005639,1679,102,0.50
monotona,40,20,9,0.004234,1511,110,0.50
monotona,40,20,10,0.007418,2219,103,0.50
monotona,40,20,1,0.004099,1878,115,0.60
monotona,40,20,2,0.003187,1377,109,0.60
monotona,40,20,3,0.002974,1154,113,0.60
monotona,40,20,4,0.003796,1621,108,0.60
monotona,40,20,5,0.002295,1081,116,0.60
monotona,40,20,6,0.003213,1433,117,0.60
monotona,40,20,7,0.004870,2126,105,0.60
monotona,40,20,8,0.004382,1990,109,0.60
monotona,40,20,9,0.004657,2072,108,0.60
monotona,40,20,10,0.002574,1152,117,0.60
monotona,40,20,1,0.002861,1687,119,0.70
monotona,40,20,2,0.002266,1413,118,0.70
monotona,40,20,3,0.002303,1233,112,0.70
monotona,40,20,4,0.004029,2528,115,0.70
monotona,40,20,5,0.002166,1448,119,0.70
monotona,40,20,6,0.002247,1478,115,0.70
monotona,40,20,7,0.002022,1397,119,0.70
monotona,40,20,8,0.001962,1507,119,0.70
monotona,40,20,9,0.002931,1850,119,0.70
monotona,40,20,10,0.003893,2644,117,0.70
monotona,40,20,1,0.002276,2371,128,0.80
monotona,40,20,2,0.001818,1996,127,0.80
monotona,40,20,3,0.001256,1404,131,0.80
monotona,40,20,4,0.001936,2229,123,0.80
monotona,40,20,5,0.001436,1602,125,0.80
monotona,40,20,6,0.002567,2694,127,0.80
monotona,40,20,7,0.000836,1027,131,0.80
monotona,40,20,8,0.000868,1043,123,0.80
monotona,40,20,9,0.001575,1473,134,0.80
monotona,40,20,10,0.001336,1696,131,0.80
monotona,40,20,1,0.000783,1420,133,0.90
monotona,40,20,2,0.001408,2668,124,0.90
monotona,40,20,3,0.001772,3549,137,0.90
monotona,40,20,4,0.000830,1606,132,0.90
monotona,40,20,5,0.000771,1494,127,0.90
monotona,40,20,6,0.000691,1220,135,0.90
monotona,40,20,7,0.000603,1063,123,0.90
monotona,40,20,8,0.000666,1068,132,0.90
monotona,40,20,9,0.000816,1833,134,0.90
monotona,40,20,10,0.000640,1353,133,0.90
monotona,75,50,1,0.132026,3380,100,0.10
monotona,75,50,2,0.115424,3036,100,0.10
monotona,75,50,3,0.093457,2478,100,0.10
monotona,75,50,4,0.063120,1746,100,0.10
monotona,75,50,5,0.064464,1801,100,0.10
monotona,75,50,6,0.075788,1988,101,0.10
monotona,75,50,7,0.057638,1563,100,0.10
monotona,75,50,8,0.085881,2218,100,0.10
monotona,75,50,9,0.060133,1613,100,0.10
monotona,75,50,10,0.092372,2490,100,0.10
monotona,75,50,1,0.040008,1520,103,0.20
monotona,75,50,2,0.044905,1439,100,0.20
monotona,75,50,3,0.066873,2304,100,0.20
monotona,75,50,4,0.055105,1923,100,0.20
monotona,75,50,5,0.041666,1431,100,0.20
monotona,75,50,6,0.056158,1857,100,0.20
monotona,75,50,7,0.049560,1715,100,0.20
monotona,75,50,8,0.044328,1394,111,0.20
monotona,75,50,9,0.054823,1872,100,0.20
monotona,75,50,10,0.074328,2580,100,0.20
monotona,75,50,1,0.042961,2044,100,0.30
monotona,75,50,2,0.038890,1796,103,0.30
monotona,75,50,3,0.033296,1589,100,0.30
monotona,75,50,4,0.066215,3066,100,0.30
monotona,75,50,5,0.028990,1264,104,0.30
monotona,75,50,6,0.038759,1748,108,0.30
monotona,75,50,7,0.033135,1447,105,0.30
monotona,75,50,8,0.040359,1839,100,0.30
monotona,75,50,9,0.027496,1344,104,0.30
monotona,75,50,10,0.025416,1197,102,0.30
monotona,75,50,1,0.020634,1255,100,0.40
monotona,75,50,2,0.021135,1383,113,0.40
monotona,75,50,3,0.041013,2497,101,0.40
monotona,75,50,4,0.044896,2558,112,0.40
monotona,75,50,5,0.027567,1675,103,0.40
monotona,75,50,6,0.027977,1851,111,0.40
monotona,75,50,7,0.033103,1789,111,0.40
monotona,75,50,8,0.026300,1658,108,0.40
monotona,75,50,9,0.033672,2122,104,0.40
monotona,75,50,10,0.024760,1337,112,0.40
monotona,75,50,1,0.025126,2140,105,0.50
monotona,75,50,2,0.014093,1123,113,0.50
monotona,75,50,3,0.031801,2717,110,0.50
monotona,75,50,4,0.018494,1678,104,0.50
monotona,75,50,5,0.020515,1748,117,0.50
monotona,75,50,6,0.015274,1187,120,0.50
monotona,75,50,7,0.014415,1318,115,0.50
monotona,75,50,8,0.047725,3841,104,0.50
monotona,75,50,9,0.019005,1544,108,0.50
monotona,75,50,10,0.013124,1074,114,0.50
monotona,75,50,1,0.016438,2005,114,0.60
monotona,75,50,2,0.010593,1523,126,0.60
monotona,75,50,3,0.014991,2038,107,0.60
monotona,75,50,4,0.013242,1517,120,0.60
monotona,75,50,5,0.015406,2029,124,0.60
monotona,75,50,6,0.020920,2445,115,0.60
monotona,75,50,7,0.017831,2020,119,0.60
monotona,75,50,8,0.018786,2528,123,0.60
monotona,75,50,9,0.008447,1205,121,0.60
monotona,75,50,10,0.010594,1208,120,0.60
monotona,75,50,1,0.006628,1192,135,0.70
monotona,75,50,2,0.006790,1286,127,0.70
monotona,75,50,3,0.006220,1278,127,0.70
monotona,75,50,4,0.009494,1698,132,0.70
monotona,75,50,5,0.010076,1758,123,0.70
monotona,75,50,6,0.013901,2833,127,0.70
monotona,75,50,7,0.007457,1534,133,0.70
monotona,75,50,8,0.007771,1648,122,0.70
monotona,75,50,9,0.007772,1547,125,0.70
monotona,75,50,10,0.007482,1343,126,0.70
monotona,75,50,1,0.004939,1804,141,0.80
monotona,75,50,2,0.003315,1272,148,0.80
monotona,75,50,3,0.003880,1156,147,0.80
monotona,75,50,4,0.004788,1695,142,0.80
monotona,75,50,5,0.006309,2460,140,0.80
monotona,75,50,6,0.002996,1123,135,0.80
monotona,75,50,7,0.002877,1144,144,0.80
monotona,75,50,8,0.003171,1092,147,0.80
monotona,75,50,9,0.007241,2314,140,0.80
monotona,75,50,10,0.005237,1805,135,0.80
monotona,75,50,1,0.001626,1134,156,0.90
monotona,75,50,2,0.002980,2655,154,0.90
monotona,75,50,3,0.001793,1121,156,0.90
monotona,75,50,4,0.002853,1993,151,0.90
monotona,75,50,5,0.003921,2594,138,0.90
monotona,75,50,6,0.001642,1143,152,0.90
monotona,75,50,7,0.001661,1313,162,0.90
monotona,75,50,8,0.002766,2202,146,0.90
monotona,75,50,9,0.001882,1317,148,0.90
monotona,75,50,10,0.004227,3804,160,0.90
monotona,100,50,1,0.285062,4658,131,0.10
monotona,100,50,2,0.145205,2306,133,0.10
monotona,100,50,3,0.087205,1371,127,0.10
monotona,100,50,4,0.170422,2745,132,0.10
monotona,100,50,5,0.323555,4751,130,0.10
monotona,100,50,6,0.199407,3171,133,0.10
monotona,100,50,7,0.118186,1927,138,0.10
monotona,100,50,8,0.175358,2760,140,0.10
monotona,100,50,9,0.114604,1918,124,0.10
monotona,100,50,10,0.136691,2176,130,0.10
monotona,100,50,1,0.097160,1955,141,0.20
monotona,100,50,2,0.081595,1596,142,0.20
monotona,100,50,3,0.129926,2853,134,0.20
monotona,100,50,4,0.095212,2019,132,0.20
monotona,100,50,5,0.140745,2830,136,0.20
monotona,100,50,6,0.081132,1634,154,0.20
monotona,100,50,7,0.058299,1235,137,0.20
monotona,100,50,8,0.119369,2396,133,0.20
monotona,100,50,9,0.061817,1251,146,0.20
monotona,100,50,10,0.082750,1557,139,0.20
monotona,100,50,1,0.045101,1292,142,0.30
monotona,100,50,2,0.054371,1374,143,0.30
monotona,100,50,3,0.064244,1782,140,0.30
monotona,100,50,4,0.091217,2578,140,0.30
monotona,100,50,5,0.070942,1704,142,0.30
monotona,100,50,6,0.081582,2131,146,0.30
monotona,100,50,7,0.045950,1156,152,0.30
monotona,100,50,8,0.105448,2755,140,0.30
monotona,100,50,9,0.075020,2145,137,0.30
monotona,100,50,10,0.065187,1755,141,0.30
monotona,100,50,1,0.030767,1220,158,0.40
monotona,100,50,2,0.041970,1529,155,0.40
monotona,100,50,3,0.063176,2147,152,0.40
monotona,100,50,4,0.031988,1080,157,0.40
monotona,100,50,5,0.060010,2065,142,0.40
monotona,100,50,6,0.072237,2735,147,0.40
monotona,100,50,7,0.049313,1644,148,0.40
monotona,100,50,8,0.053071,1868,153,0.40
monotona,100,50,9,0.049993,1603,147,0.40
monotona,100,50,10,0.045825,1713,140,0.40
monotona,100,50,1,0.035763,1785,153,0.50
monotona,100,50,2,0.039060,2051,155,0.50
monotona,100,50,3,0.027636,1410,155,0.50
monotona,100,50,4,0.038413,1891,150,0.50
monotona,100,50,5,0.035067,1859,151,0.50
monotona,100,50,6,0.039930,1926,150,0.50
monotona,100,50,7,0.026431,1405,156,0.50
monotona,100,50,8,0.058151,2903,152,0.50
monotona,100,50,9,0.026100,1395,153,0.50
monotona,100,50,10,0.025608,1629,154,0.50
monotona,100,50,1,0.017768,1695,162,0.60
monotona,100,50,2,0.035505,3030,162,0.60
monotona,100,50,3,0.023621,1959,161,0.60
monotona,100,50,4,0.034147,2527,156,0.60
monotona,100,50,5,0.017853,1460,151,0.60
monotona,100,50,6,0.027179,2013,155,0.60
monotona,100,50,7,0.024908,2171,162,0.60
monotona,100,50,8,0.023540,2133,159,0.60
monotona,100,50,9,0.036482,2530,161,0.60
monotona,100,50,10,0.024591,1963,160,0.60
monotona,100,50,1,0.018733,2374,164,0.70
monotona,100,50,2,0.013800,1993,169,0.70
monotona,100,50,3,0.007892,1151,153,0.70
monotona,100,50,4,0.023178,2521,161,0.70
monotona,100,50,5,0.009021,1204,167,0.70
monotona,100,50,6,0.015195,2258,162,0.70
monotona,100,50,7,0.018637,2289,159,0.70
monotona,100,50,8,0.010164,1382,161,0.70
monotona,100,50,9,0.008022,1162,167,0.70
monotona,100,50,10,0.015824,2362,170,0.70
monotona,100,50,1,0.004416,1359,186,0.80
monotona,100,50,2,0.004909,1218,180,0.80
monotona,100,50,3,0.015664,2809,176,0.80
monotona,100,50,4,0.018360,3761,166,0.80
monotona,100,50,5,0.008298,2048,172,0.80
monotona,100,50,6,0.008561,2067,182,0.80
monotona,100,50,7,0.004830,1168,183,0.80
monotona,100,50,8,0.007598,1986,160,0.80
monotona,100,50,9,0.008854,2180,174,0.80
monotona,100,50,10,0.011843,2782,176,0.80
monotona,100,50,1,0.003489,2276,195,0.90
monotona,100,50,2,0.002343,1255,191,0.90
monotona,100,50,3,0.003663,1879,187,0.90
monotona,100,50,4,0.003451,1896,202,0.90
monotona,100,50,5,0.002375,1304,191,0.90
monotona,100,50,6,0.004783,2488,189,0.90
monotona,100,50,7,0.002806,1351,204,0.90
monotona,100,50,8,0.004032,2023,183,0.90
monotona,100,50,9,0.002560,1818,200,0.90
monotona,100,50,10,0.002406,1523,195,0.90
tempera_simulada,15,10,1,0.000195,1682,101,0.80
tempera_simulada,15,10,2,0.000183,1742,99,0.80
tempera_simulada,15,10,3,0.000151,1392,101,0.80
tempera_simulada,15,10,4,0.000148,1323,99,0.80
tempera_simulada,15,10,5,0.000197,1517,103,0.80
tempera_simulada,15,10,6,0.000257,1933,99,0.80
tempera_simulada,15,10,7,0.000172,1614,99,0.80
tempera_simulada,15,10,8,0.000190,1744,99,0.80
tempera_simulada,15,10,9,0.000182,1735,101,0.80
tempera_simulada,15,10,10,0.000203,1763,101,0.80
tempera_simulada,15,10,1,0.000135,1304,99,0.85
tempera_simulada,15,10,2,0.000165,1615,99,0.85
tempera_simulada,15,10,3,0.000128,1238,99,0.85
tempera_simulada,15,10,4,0.000194,1544,101,0.85
tempera_simulada,15,10,5,0.000188,1761,99,0.85
tempera_simulada,15,10,6,0.000152,1434,99,0.85
tempera_simulada,15,10,7,0.000206,1933,99,0.85
tempera_simulada,15,10,8,0.000151,1404,99,0.85
tempera_simulada,15,10,9,0.000293,2145,99,0.85
tempera_simulada,15,10,10,0.000184,1746,99,0.85
tempera_simulada,15,10,1,0.000198,1856,99,0.90
tempera_simulada,15,10,2,0.000132,1142,101,0.90
tempera_simulada,15,10,3,0.000438,4023,99,0.90
tempera_simulada,15,10,4,0.000260,2368,99,0.90
tempera_simulada,15,10,5,0.000320,2709,99,0.90
tempera_simulada,15,10,6,0.000218,1991,99,0.90
tempera_simulada,15,10,7,0.000240,2188,99,0.90
tempera_simulada,15,10,8,0.000143,1358,99,0.90
tempera_simulada,15,10,9,0.000166,1456,101,0.90
tempera_simulada,15,10,10,0.000175,1650,101,0.90
tempera_simulada,15,10,1,0.000159,1363,101,0.95
tempera_simulada,15,10,2,0.000144,1284,101,0.95
tempera_simulada,15,10,3,0.000174,1493,99,0.95
tempera_simulada,15,10,4,0.000251,2224,99,0.95
tempera_simulada,15,10,5,0.000183,1645,101,0.95
tempera_simulada,15,10,6,0.000185,1653,99,0.95
tempera_simulada,15,10,7,0.000163,1471,101,0.95
tempera_simulada,15,10,8,0.000313,1908,101,0.95
tempera_simulada,15,10,9,0.000154,1353,101,0.95
tempera_simulada,15,10,10,0.000236,2140,99,0.95
tempera_simulada,15,10,1,0.000243,1905,99,0.99
tempera_simulada,15,10,2,0.000214,1774,99,0.99
tempera_simulada,15,10,3,0.000242,1890,101,0.99
tempera_simulada,15,10,4,0.000219,1628,99,0.99
tempera_simulada,15,10,5,0.000338,1738,99,0.99
tempera_simulada,15,10,6,0.000295,2407,99,0.99
tempera_simulada,15,10,7,0.000217,1703,99,0.99
tempera_simulada,15,10,8,0.000207,1641,99,0.99
tempera_simulada,15,10,9,0.000290,2229,99,0.99
tempera_simulada,15,10,10,0.000352,2777,99,0.99
tempera_simulada,20,10,1,0.000236,1940,115,0.80
tempera_simulada,20,10,2,0.000259,2001,115,0.80
tempera_simulada,20,10,3,0.000281,2222,112,0.80
tempera_simulada,20,10,4,0.000438,3510,112,0.80
tempera_simulada,20,10,5,0.000216,1726,112,0.80
tempera_simulada,20,10,6,0.000182,1442,115,0.80
tempera_simulada,20,10,7,0.000309,2508,115,0.80
tempera_simulada,20,10,8,0.000213,1737,112,0.80
tempera_simulada,20,10,9,0.000216,1642,117,0.80
tempera_simulada,20,10,10,0.000354,2612,115,0.80
tempera_simulada,20,10,1,0.000253,1975,112,0.85
tempera_simulada,20,10,2,0.000245,1950,115,0.85
tempera_simulada,20,10,3,0.000328,2602,112,0.85
tempera_simulada,20,10,4,0.000205,1669,114,0.85
tempera_simulada,20,10,5,0.000227,1800,112,0.85
tempera_simulada,20,10,6,0.000260,2047,117,0.85
tempera_simulada,20,10,7,0.000180,1437,112,0.85
tempera_simulada,20,10,8,0.000191,1490,115,0.85
tempera_simulada,20,10,9,0.000220,1670,115,0.85
tempera_simulada,20,10,10,0.000246,2038,112,0.85
tempera_simulada,20,10,1,0.000343,2849,112,0.90
tempera_simulada,20,10,2,0.000248,1934,114,0.90
tempera_simulada,20,10,3,0.000268,2071,117,0.90
tempera_simulada,20,10,4,0.000643,4708,112,0.90
tempera_simulada,20,10,5,0.000198,1603,112,0.90
tempera_simulada,20,10,6,0.000159,1324,112,0.90
tempera_simulada,20,10,7,0.000282,2207,115,0.90
tempera_simulada,20,10,8,0.000458,3641,112,0.90
tempera_simulada,20,10,9,0.000483,3759,112,0.90
tempera_simulada,20,10,10,0.000174,1415,119,0.90
tempera_simulada,20,10,1,0.000224,1751,115,0.95
tempera_simulada,20,10,2,0.000344,2712,112,0.95
tempera_simulada,20,10,3,0.000249,1873,119,0.95
tempera_simulada,20,10,4,0.000289,2233,115,0.95
tempera_simulada,20,10,5,0.000309,2398,115,0.95
tempera_simulada,20,10,6,0.000288,2280,115,0.95
tempera_simulada,20,10,7,0.000354,2585,115,0.95
tempera_simulada,20,10,8,0.000323,2593,117,0.95
tempera_simulada,20,10,9,0.000287,2187,112,0.95
tempera_simulada,20,10,10,0.000430,3439,112,0.95
tempera_simulada,20,10,1,0.000388,2740,115,0.99
tempera_simulada,20,10,2,0.000250,1783,119,0.99
tempera_simulada,20,10,3,0.000439,3168,112,0.99
tempera_simulada,20,10,4,0.000360,2587,115,0.99
tempera_simulada,20,10,5,0.000385,2743,115,0.99
tempera_simulada,20,10,6,0.000241,1699,112,0.99
tempera_simulada,20,10,7,0.000491,3672,115,0.99
tempera_simulada,20,10,8,0.000361,1909,115,0.99
tempera_simulada,20,10,9,0.000291,2095,116,0.99
tempera_simulada,20,10,10,0.000337,2458,112,0.99
tempera_simulada,30,20,1,0.000378,2221,97,0.80
tempera_simulada,30,20,2,0.000325,1967,97,0.80
tempera_simulada,30,20,3,0.000423,2513,97,0.80
tempera_simulada,30,20,4,0.000318,1869,97,0.80
tempera_simulada,30,20,5,0.000472,2808,97,0.80
tempera_simulada,30,20,6,0.000384,2388,97,0.80
tempera_simulada,30,20,7,0.000249,1524,97,0.80
tempera_simulada,30,20,8,0.000352,2075,97,0.80
tempera_simulada,30,20,9,0.000326,1729,97,0.80
tempera_simulada,30,20,10,0.000299,1561,97,0.80
tempera_simulada,30,20,1,0.000331,1999,97,0.85
tempera_simulada,30,20,2,0.000440,2631,97,0.85
tempera_simulada,30,20,3,0.000381,2247,97,0.85
tempera_simulada,30,20,4,0.000294,1713,97,0.85
tempera_simulada,30,20,5,0.000261,1610,97,0.85
tempera_simulada,30,20,6,0.000433,2643,97,0.85
tempera_simulada,30,20,7,0.000332,2010,97,0.85
tempera_simulada,30,20,8,0.000349,2144,97,0.85
tempera_simulada,30,20,9,0.000349,2088,97,0.85
tempera_simulada,30,20,10,0.000380,2259,97,0.85
tempera_simulada,30,20,1,0.000396,2186,97,0.90
tempera_simulada,30,20,2,0.000316,1932,97,0.90
tempera_simulada,30,20,3,0.000289,1714,97,0.90
tempera_simulada,30,20,4,0.000397,2375,97,0.90
tempera_simulada,30,20,5,0.000378,2241,97,0.90
tempera_simulada,30,20,6,0.000461,2808,97,0.90
tempera_simulada,30,20,7,0.000440,2668,97,0.90
tempera_simulada,30,20,8,0.000354,2173,97,0.90
tempera_simulada,30,20,9,0.000241,1492,97,0.90
tempera_simulada,30,20,10,0.000350,2075,97,0.90
tempera_simulada,30,20,1,0.000302,1773,97,0.95
tempera_simulada,30,20,2,0.000364,1938,97,0.95
tempera_simulada,30,20,3,0.000342,2027,97,0.95
tempera_simulada,30,20,4,0.000432,2612,97,0.95
tempera_simulada,30,20,5,0.000319,1918,97,0.95
tempera_simulada,30,20,6,0.000483,2836,97,0.95
tempera_simulada,30,20,7,0.000480,2957,97,0.95
tempera_simulada,30,20,8,0.000364,2159,97,0.95
tempera_simulada,30,20,9,0.000403,2361,97,0.95
tempera_simulada,30,20,10,0.000284,1665,97,0.95
tempera_simulada,30,20,1,0.000364,1986,97,0.99
tempera_simulada,30,20,2,0.000534,2589,97,0.99
tempera_simulada,30,20,3,0.000527,2946,97,0.99
tempera_simulada,30,20,4,0.000492,2691,97,0.99
tempera_simulada,30,20,5,0.000398,2205,97,0.99
tempera_simulada,30,20,6,0.000400,2189,97,0.99
tempera_simulada,30,20,7,0.000355,1953,97,0.99
tempera_simulada,30,20,8,0.000298,1639,97,0.99
tempera_simulada,30,20,9,0.000392,2150,97,0.99
tempera_simulada,30,20,10,0.000383,2137,97,0.99
tempera_simulada,40,20,1,0.000672,3224,99,0.80
tempera_simulada,40,20,2,0.000542,2552,99,0.80
tempera_simulada,40,20,3,0.000646,3074,99,0.80
tempera_simulada,40,20,4,0.000415,1986,99,0.80
tempera_simulada,40,20,5,0.000439,2119,102,0.80
tempera_simulada,40,20,6,0.000773,3720,99,0.80
tempera_simulada,40,20,7,0.000485,2375,99,0.80
tempera_simulada,40,20,8,0.000613,2949,99,0.80
tempera_simulada,40,20,9,0.000973,4522,99,0.80
tempera_simulada,40,20,10,0.000717,3462,99,0.80
tempera_simulada,40,20,1,0.000433,2156,99,0.85
tempera_simulada,40,20,2,0.000325,1551,99,0.85
tempera_simulada,40,20,3,0.000567,2863,101,0.85
tempera_simulada,40,20,4,0.000653,3226,99,0.85
tempera_simulada,40,20,5,0.000573,1991,99,0.85
tempera_simulada,40,20,6,0.000554,2427,99,0.85
tempera_simulada,40,20,7,0.000505,2431,99,0.85
tempera_simulada,40,20,8,0.000558,2648,99,0.85
tempera_simulada,40,20,9,0.000536,2622,99,0.85
tempera_simulada,40,20,10,0.000704,3448,99,0.85
tempera_simulada,40,20,1,0.000638,3099,99,0.90
tempera_simulada,40,20,2,0.000736,2829,99,0.90
tempera_simulada,40,20,3,0.000662,3266,99,0.90
tempera_simulada,40,20,4,0.000441,2179,99,0.90
tempera_simulada,40,20,5,0.000639,3132,99,0.90
tempera_simulada,40,20,6,0.000571,2765,99,0.90
tempera_simulada,40,20,7,0.000552,2688,99,0.90
tempera_simulada,40,20,8,0.000490,2317,99,0.90
tempera_simulada,40,20,9,0.000891,4215,102,0.90
tempera_simulada,40,20,10,0.000363,1761,99,0.90
tempera_simulada,40,20,1,0.000633,3162,99,0.95
tempera_simulada,40,20,2,0.000520,2556,99,0.95
tempera_simulada,40,20,3,0.000488,2376,99,0.95
tempera_simulada,40,20,4,0.000464,2257,99,0.95
tempera_simulada,40,20,5,0.000625,3032,99,0.95
tempera_simulada,40,20,6,0.000513,2354,99,0.95
tempera_simulada,40,20,7,0.000363,1763,99,0.95
tempera_simulada,40,20,8,0.000722,3591,99,0.95
tempera_simulada,40,20,9,0.000370,1829,99,0.95
tempera_simulada,40,20,10,0.000683,3328,99,0.95
tempera_simulada,40,20,1,0.000492,2247,104,0.99
tempera_simulada,40,20,2,0.000474,2137,99,0.99
tempera_simulada,40,20,3,0.000856,4035,99,0.99
tempera_simulada,40,20,4,0.000539,2494,99,0.99
tempera_simulada,40,20,5,0.000538,2473,102,0.99
tempera_simulada,40,20,6,0.000573,2612,103,0.99
tempera_simulada,40,20,7,0.000561,2628,102,0.99
tempera_simulada,40,20,8,0.000588,2745,99,0.99
tempera_simulada,40,20,9,0.001070,4389,99,0.99
tempera_simulada,40,20,10,0.000465,2137,99,0.99
tempera_simulada,75,50,1,0.001629,4515,100,0.80
tempera_simulada,75,50,2,0.001652,4561,109,0.80
tempera_simulada,75,50,3,0.001418,3983,100,0.80
tempera_simulada,75,50,4,0.001394,3948,100,0.80
tempera_simulada,75,50,5,0.002104,5846,100,0.80
tempera_simulada,75,50,6,0.002218,6263,100,0.80
tempera_simulada,75,50,7,0.001781,4916,100,0.80
tempera_simulada,75,50,8,0.001627,4505,103,0.80
tempera_simulada,75,50,9,0.001973,5313,100,0.80
tempera_simulada,75,50,10,0.001920,5387,100,0.80
tempera_simulada,75,50,1,0.001152,3194,109,0.85
tempera_simulada,75,50,2,0.001716,4659,100,0.85
tempera_simulada,75,50,3,0.002101,5937,102,0.85
tempera_simulada,75,50,4,0.002188,6084,100,0.85
tempera_simulada,75,50,5,0.001556,4443,100,0.85
tempera_simulada,75,50,6,0.001796,4908,106,0.85
tempera_simulada,75,50,7,0.002248,6302,100,0.85
tempera_simulada,75,50,8,0.002528,6460,100,0.85
tempera_simulada,75,50,9,0.002067,5872,100,0.85
tempera_simulada,75,50,10,0.002132,5911,100,0.85
tempera_simulada,75,50,1,0.002094,5955,105,0.90
tempera_simulada,75,50,2,0.001766,4970,100,0.90
tempera_simulada,75,50,3,0.001679,4792,101,0.90
tempera_simulada,75,50,4,0.001440,3848,100,0.90
tempera_simulada,75,50,5,0.001805,5150,100,0.90
tempera_simulada,75,50,6,0.001648,3326,100,0.90
tempera_simulada,75,50,7,0.001609,4606,100,0.90
tempera_simulada,75,50,8,0.001696,4849,100,0.90
tempera_simulada,75,50,9,0.001870,5249,100,0.90
tempera_simulada,75,50,10,0.001717,4869,100,0.90
tempera_simulada,75,50,1,0.001587,4411,100,0.95
tempera_simulada,75,50,2,0.001442,4005,113,0.95
tempera_simulada,75,50,3,0.000917,2550,109,0.95
tempera_simulada,75,50,4,0.000765,2036,129,0.95
tempera_simulada,75,50,5,0.001445,4104,100,0.95
tempera_simulada,75,50,6,0.001897,5379,100,0.95
tempera_simulada,75,50,7,0.002273,5261,100,0.95
tempera_simulada,75,50,8,0.001471,4142,100,0.95
tempera_simulada,75,50,9,0.001771,4959,100,0.95
tempera_simulada,75,50,10,0.001394,3919,106,0.95
tempera_simulada,75,50,1,0.001564,4335,104,0.99
tempera_simulada,75,50,2,0.001279,3478,102,0.99
tempera_simulada,75,50,3,0.001639,4593,100,0.99
tempera_simulada,75,50,4,0.003225,9089,100,0.99
tempera_simulada,75,50,5,0.002571,5948,100,0.99
tempera_simulada,75,50,6,0.001498,4199,100,0.99
tempera_simulada,75,50,7,0.002091,5824,100,0.99
tempera_simulada,75,50,8,0.002278,6198,100,0.99
tempera_simulada,75,50,9,0.001373,3849,100,0.99
tempera_simulada,75,50,10,0.001740,4208,100,0.99
tempera_simulada,100,50,1,0.002778,6032,141,0.80
tempera_simulada,100,50,2,0.002024,4409,149,0.80
tempera_simulada,100,50,3,0.001483,3213,155,0.80
tempera_simulada,100,50,4,0.002812,6206,135,0.80
tempera_simulada,100,50,5,0.004124,8990,133,0.80
tempera_simulada,100,50,6,0.002452,3533,157,0.80
tempera_simulada,100,50,7,0.002931,6376,138,0.80
tempera_simulada,100,50,8,0.001894,4183,151,0.80
tempera_simulada,100,50,9,0.002525,5468,143,0.80
tempera_simulada,100,50,10,0.002170,4738,147,0.80
tempera_simulada,100,50,1,0.001881,3929,153,0.85
tempera_simulada,100,50,2,0.002485,5306,139,0.85
tempera_simulada,100,50,3,0.002512,5564,131,0.85
tempera_simulada,100,50,4,0.002666,5853,134,0.85
tempera_simulada,100,50,5,0.001728,3771,139,0.85
tempera_simulada,100,50,6,0.001743,3832,147,0.85
tempera_simulada,100,50,7,0.002198,4749,142,0.85
tempera_simulada,100,50,8,0.001374,3017,149,0.85
tempera_simulada,100,50,9,0.003479,7310,129,0.85
tempera_simulada,100,50,10,0.002715,5972,138,0.85
tempera_simulada,100,50,1,0.001661,3674,160,0.90
tempera_simulada,100,50,2,0.003825,8492,132,0.90
tempera_simulada,100,50,3,0.002271,4925,148,0.90
tempera_simulada,100,50,4,0.001846,4109,149,0.90
tempera_simulada,100,50,5,0.002908,6255,131,0.90
tempera_simulada,100,50,6,0.002601,5682,135,0.90
tempera_simulada,100,50,7,0.002754,6074,146,0.90
tempera_simulada,100,50,8,0.002688,5821,142,0.90
tempera_simulada,100,50,9,0.003980,8868,130,0.90
tempera_simulada,100,50,10,0.003505,7589,134,0.90
tempera_simulada,100,50,1,0.001836,3997,144,0.95
tempera_simulada,100,50,2,0.002395,5186,152,0.95
tempera_simulada,100,50,3,0.002682,5848,135,0.95
tempera_simulada,100,50,4,0.002745,6004,151,0.95
tempera_simulada,100,50,5,0.003354,6820,140,0.95
tempera_simulada,100,50,6,0.003660,7583,136,0.95
tempera_simulada,100,50,7,0.002123,4605,146,0.95
tempera_simulada,100,50,8,0.004191,8790,132,0.95
tempera_simulada,100,50,9,0.002720,5474,146,0.95
tempera_simulada,100,50,10,0.001813,3764,146,0.95
tempera_simulada,100,50,1,0.001149,2441,161,0.99
tempera_simulada,100,50,2,0.002548,5428,140,0.99
tempera_simulada,100,50,3,0.002660,5136,147,0.99
tempera_simulada,100,50,4,0.002521,5471,142,0.99
tempera_simulada,100,50,5,0.003205,6064,138,0.99
tempera_simulada,100,50,6,0.002718,5666,138,0.99
tempera_simulada,100,50,7,0.002375,4915,152,0.99
tempera_simulada,100,50,8,0.002313,5019,139,0.99
tempera_simulada,100,50,9,0.002246,4958,142,0.99
tempera_simulada,100,50,10,0.003991,8858,131,0.99
